$ 1 0.005 285.9303473255704 50 5 43 5e-11
r -272 -48 -272 32 0 1000
r -272 32 -272 112 0 1000
r -272 112 -272 192 0 1000
r -272 272 -272 352 0 1000
r -272 192 -272 272 0 1000
r -272 352 -272 432 0 1000
r -272 432 -272 512 0 1000
r -272 512 -272 592 0 1000
R -272 -48 -272 -128 0 0 40 5 0 0 0.5
g -272 592 -272 672 0 0
a -112 48 48 48 8 15 -15 1000000 4.375 1.530467592515908 100000
a -112 128 48 128 8 15 -15 1000000 3.75 1.530467592515908 100000
a -112 208 48 208 8 15 -15 1000000 3.124999999999999 1.530467592515908 100000
a -112 288 48 288 8 15 -15 1000000 2.499999999999999 1.530467592515908 100000
a -112 368 48 368 8 15 -15 1000000 1.8749999999999993 1.530467592515908 100000
a -112 448 48 448 8 15 -15 1000000 1.2499999999999993 1.530467592515908 100000
a -112 528 48 528 8 15 -15 1000000 0.6249999999999997 1.530467592515908 100000
w -272 32 -112 32 0
w -272 112 -112 112 0
w -272 192 -112 192 0
w -272 272 -112 272 0
w -272 352 -112 352 0
w -272 432 -112 432 0
w -272 512 -112 512 0
w -176 64 -112 64 0
w -176 64 -176 144 0
w -176 144 -112 144 0
w -176 144 -176 224 0
w -176 224 -112 224 0
w -176 224 -176 304 0
w -176 304 -112 304 0
w -176 304 -176 384 0
w -176 384 -112 384 0
w -176 384 -176 464 0
w -176 464 -112 464 0
w -176 464 -176 544 0
w -176 544 -112 544 0
154 224 560 400 560 0 7 0 5
w 224 608 80 608 0
w 48 528 48 608 0
w 48 608 80 608 0
w 48 448 64 448 0
w 64 448 64 592 0
w 64 592 224 592 0
w 48 368 80 368 0
w 80 368 80 576 0
w 80 576 224 576 0
w 48 288 96 288 0
w 96 288 96 560 0
w 96 560 224 560 0
w 48 208 112 208 0
w 112 208 112 544 0
w 112 544 224 544 0
w 48 128 112 128 0
w 112 128 128 128 0
w 128 128 128 528 0
w 128 528 224 528 0
w 48 48 144 48 0
w 144 48 144 512 0
w 144 512 224 512 0
154 240 432 400 432 0 3 5 5
w 64 448 240 448 0
w 96 288 176 288 0
w 176 288 176 432 0
w 176 432 240 432 0
w 128 128 192 128 0
w 192 128 192 416 0
w 192 416 240 416 0
w 176 288 400 288 0
197 528 368 592 368 0
w 400 560 480 560 0
w 480 560 480 464 0
w 480 464 528 464 0
w 400 432 528 432 0
w 400 288 480 288 0
w 480 288 480 368 0
w 480 368 480 400 0
w 480 400 528 400 0
w 528 368 528 320 0
R 528 320 528 272 0 0 40 0 0 0 0.5
157 784 368 832 368 0 7 0 1
w 656 368 784 368 0
w 656 400 784 400 0
w 656 432 784 432 0
w 656 464 784 464 0
w 656 560 912 560 0
w 656 528 880 528 0
w 656 496 992 496 0
w -176 64 -176 32 0
R -256 -288 -256 -368 0 0 40 5 0 0 0.5
w 992 496 992 368 0
w 992 368 976 368 0
w 880 528 1008 528 0
w 1008 528 1008 400 0
w 1008 400 976 400 0
w 912 560 976 560 0
w 976 560 1024 560 0
w 1024 560 1024 432 0
w 1024 432 976 432 0
w 976 464 1056 464 0
r 1056 464 1056 544 0 150
g 1056 544 1056 592 0 0
374 -192 -288 -256 -288 0 0.8416 Light\sBrightness
r -192 -288 -96 -288 0 7000
g -96 -288 -96 -352 0 0
a -176 -240 -176 -160 8 15 -15 1000000 1.5317803844150713 1.5317957022189155 100000
w -176 -160 -128 -160 0
w -128 -160 -128 -240 0
w -128 -240 -160 -240 0
w -192 -240 -192 -288 0
c -80 -80 16 -80 0 0.000029999999999999997 1.530467592515908 0.001
w -176 0 -176 32 0
w -176 -48 -176 -64 0
w -176 -64 -176 0 0
S -144 -64 -80 -64 0 0 false 0 2
w -144 -64 -176 -64 0
g 16 -80 64 -80 0 0
174 -176 -144 -160 -48 1 1000000 0.005 Resistance
w -128 -160 -128 -112 0
w -128 -112 -160 -96 0
w 480 -544 448 -528 0
w 480 -592 480 -544 0
174 432 -576 448 -480 1 10000000 0.005 Resistance
g 624 -496 672 -496 0 0
w 464 -496 432 -496 0
w 432 -496 432 -432 0
w 432 -480 432 -496 0
w 432 -432 432 -400 0
c 528 -496 624 -496 0 0.000029999999999999997 1.9174078906095722 0.001
w 416 -672 416 -720 0
w 480 -672 448 -672 0
w 480 -592 480 -672 0
w 432 -592 480 -592 0
a 432 -672 432 -592 8 15 -15 1000000 1.5317803844150713 1.5317957022189155 100000
g 1664 112 1664 160 0 0
r 1664 32 1664 112 0 150
w 1584 32 1664 32 0
w 1632 0 1584 0 0
w 1632 128 1632 0 0
w 1584 128 1632 128 0
w 1520 128 1584 128 0
w 1616 -32 1584 -32 0
w 1616 96 1616 -32 0
w 1488 96 1616 96 0
w 1600 -64 1584 -64 0
w 1600 64 1600 -64 0
w 432 -368 432 -400 0
w 1264 64 1600 64 0
w 1264 96 1488 96 0
w 1264 128 1520 128 0
w 1264 32 1392 32 0
w 1264 0 1392 0 0
w 1264 -32 1392 -32 0
w 1264 -64 1392 -64 0
157 1392 -64 1440 -64 0 7 0 1
R 1136 -112 1136 -160 0 0 40 0 0 0 0.5
w 1136 -64 1136 -112 0
w 1088 -32 1136 -32 0
w 1088 -64 1088 -32 0
w 1088 -144 1088 -64 0
w 1008 -144 1088 -144 0
w 1008 0 1136 0 0
w 1088 32 1136 32 0
w 1088 128 1088 32 0
w 1008 128 1088 128 0
197 1136 -64 1200 -64 0
w 784 -144 1008 -144 0
w 800 -16 848 -16 0
w 800 -304 800 -16 0
w 736 -304 800 -304 0
w 784 0 848 0 0
w 784 -144 784 0 0
w 704 -144 784 -144 0
w 672 16 848 16 0
154 848 0 1008 0 0 3 5 5
w 752 80 832 80 0
w 752 -384 752 80 0
w 656 -384 752 -384 0
w 736 96 832 96 0
w 736 -304 736 96 0
w 720 -304 736 -304 0
w 656 -304 720 -304 0
w 720 112 832 112 0
w 720 -224 720 112 0
w 656 -224 720 -224 0
w 704 128 832 128 0
w 704 -144 704 128 0
w 656 -144 704 -144 0
w 688 144 832 144 0
w 688 -64 688 144 0
w 656 -64 688 -64 0
w 672 160 832 160 0
w 672 16 672 160 0
w 656 16 672 16 0
w 656 176 688 176 0
w 656 96 656 176 0
w 832 176 688 176 0
154 832 128 1008 128 0 7 5 5
w 432 112 496 112 0
w 432 32 432 112 0
w 432 32 496 32 0
w 432 -48 432 32 0
w 432 -48 496 -48 0
w 432 -128 432 -48 0
w 432 -128 496 -128 0
w 432 -208 432 -128 0
w 432 -208 496 -208 0
w 432 -288 432 -208 0
w 432 -288 496 -288 0
w 432 -368 432 -288 0
w 432 -368 496 -368 0
w 336 80 496 80 0
w 336 0 496 0 0
w 336 -80 496 -80 0
w 336 -160 496 -160 0
w 336 -240 496 -240 0
w 336 -320 496 -320 0
w 336 -400 496 -400 0
a 496 96 656 96 8 15 -15 1000000 0.6249999999999997 1.9174078906095722 100000
a 496 16 656 16 8 15 -15 1000000 1.2499999999999993 1.9174078906095722 100000
a 496 -64 656 -64 8 15 -15 1000000 1.8749999999999991 1.9174078906095722 100000
a 496 -144 656 -144 8 15 -15 1000000 2.499999999999999 1.9174078906095722 100000
a 496 -224 656 -224 8 15 -15 1000000 3.1249999999999996 1.9174078906095722 100000
a 496 -304 656 -304 8 15 -15 1000000 3.75 1.9174078906095722 100000
a 496 -384 656 -384 8 15 -15 1000000 4.375 1.9174078906095722 100000
g 336 160 336 240 0 0
R 336 -480 336 -560 0 0 40 5 0 0 0.5
r 336 80 336 160 0 1000
r 336 0 336 80 0 1000
r 336 -80 336 0 0 1000
r 336 -240 336 -160 0 1000
r 336 -160 336 -80 0 1000
r 336 -320 336 -240 0 1000
r 336 -400 336 -320 0 1000
r 336 -480 336 -400 0 1000
w -192 -288 -192 -720 0
w -192 -720 416 -720 0
s 528 -560 624 -560 0 1 true
w 624 -560 624 -496 0
w 528 -560 528 -496 0
w 528 -496 464 -496 0
x 764 320 1010 323 4 40 Light\sIntensity
x 1302 -116 1708 -113 4 40 Light\sIntensity\sAverage
